48640 48636
48640 48637
48640 48638
48640 48639
48660 27608
56660 48493
75380 75374
80710 80702
80710 80703
80710 80704
80710 80705
80710 80706
80710 80707
80710 80708
80710 80709
111060 27824
111060 80707
111060 99142
111060 106986
111060 111057
111060 111058
111060 111059
120850 27824
120850 80707
120850 99142
120850 106986
120850 111060
120850 120844
120850 120845
120850 120846
120850 120848
120850 120849
126090 126089
143380 143373
201320 129820
201320 199673
216390 107167
216390 208819
216390 216389
230760 143373
230760 143381
230760 230755
230760 230756
230760 230757
230760 230758
230760 230759
261760 261753
263720 263713
282660 230474
282660 278391
306380 107167
306380 216390
306380 247648
306380 306373
306380 306374
306380 306375
306380 306376
306380 306377
306380 306378
306380 306379
310910 310908
310910 310909
311420 311417
311420 311418
311420 311419
320930 320929
341850 341847
341850 341848
341850 341849
355440 12975
355440 110904
355450 355440
355450 355441
355450 355442
355450 355443
355450 355444
355450 355445
355450 355446
355450 355447
355450 355448
355450 355449
357900 110904
357900 355440
362620 362617
383660 355450
383660 382239
383660 382749
383660 383653
383660 383654
383660 383655
383660 383656
383660 383657
383660 383658
383660 383659
404270 404269
408550 408543
408550 408544
408550 408545
408550 408546
408550 408547
408550 408548
408550 408549
419400 257553
427160 44104
427160 91735
427160 322305
437490 6511
437490 49671
437490 82922
437490 124959
437490 272757
437490 399797
504750 504748
509390 509385
512670 129820
512670 199673
512670 201320
531130 347834
531130 456733
539780 539777
539780 539778
539780 539779
541540 454570
541540 468688
541540 506164
565200 565199
583360 58599
583360 71783
583360 156983
583360 159304
583360 303257
583360 471491
583360 479519
583360 484728
583360 493321
583360 502507
583360 583357
583360 583358
592130 325418
592130 381033
592130 493321
592130 581976
592130 592127
592130 592128
592130 592129
594950 355447
609880 399346
609880 408544
609880 425982
609880 598206
609880 598324
609880 609105
609880 609872
609880 609873
609880 609874
609880 609875
609880 609876
609880 609877
609880 609877
609880 609878
609880 609879
615520 534502
615520 592128
615520 593044
615520 601326
615520 615514
615520 615515
615520 615516
615520 615517
615520 615518
615520 615519
615530 615514
615530 615515
615530 615516
615530 615517
615530 615518
615530 615519
615530 615520
631580 91320
631580 202739
631580 226364
631580 613132
631580 631576
631580 631577
631580 631578
631580 631579
639790 83590
639790 229093
639790 267793
639790 445527
639790 525691
641410 120446
641410 263713
641410 362617
641410 641406
641410 641407
641410 641408
641410 641409
642680 454570
642680 468688
642680 506164
642680 541540
642680 588596
642680 592195
642680 596796
642680 609876
647800 454570
647800 468688
647800 506164
647800 541540
647800 588596
647800 592195
647800 596796
647800 609876
647800 642680
647800 647797
647800 647798
647800 647799
649390 649384
649390 649385
649390 649386
649390 649387
649390 649388
649390 649389
651450 62384
651450 103934
651450 379322
651450 589782
651450 651448
651450 651449
678650 208819
678650 216390
678650 653222
684200 641406
689080 80708
689080 689078
689080 689079
704520 527585
704520 704516
704520 704517
704520 704518
704520 704519
708500 6791
708500 76255
708500 226585
708500 230271
708500 231747
708500 234665
708500 375706
708500 404269
708500 605266
708500 704516
708500 708498
708500 708499
712610 341847
712610 712608
714900 355443
715700 46654
715700 150138
715700 386545
715700 489360
715700 536354
715700 631839
715700 664389
715700 715699
725910 725907
728120 728118
747700 624170
747700 637203
747700 652895
747700 709485
747700 712608
747700 747696
747700 747697
747700 747698
747700 747699
789250 215097
789250 471989
789250 645759
789250 655127
789250 743774
789250 754114
789250 758939
789250 789240
789250 789241
789250 789242
789250 789243
789250 789244
789250 789245
789250 789246
789250 789247
789250 789248
789250 789249
795500 641409
800690 80702
800690 131906
800690 252047
800690 260236
800690 302823
800690 359429
800690 392692
800690 435632
800690 449387
800690 466727
800690 542237
800690 603156
800690 751632
800690 767004
800690 800689
813140 813139
813150 27608
813150 48660
813150 289106
813150 539888
813150 578492
813150 722717
813150 813139
813150 813140
813150 813141
813150 813142
813150 813143
813150 813144
813150 813145
813150 813146
813150 813147
813150 813148
813150 813149
827180 355447
847600 847595
847600 847596
847600 847597
847600 847598
847600 847599
848690 10019
848690 77987
848690 124674
848690 200392
848690 202739
848690 243242
848690 261753
848690 450671
848690 686861
848690 813142
848690 848688
848690 848689
861470 861468
861470 861469
861480 6511
861480 49671
861480 82922
861480 124959
861480 272757
861480 399797
861480 437490
861480 506166
861480 598259
861480 747698
861480 836896
861480 861468
861480 861469
861480 861470
861480 861471
861480 861472
861480 861473
861480 861474
861480 861475
861480 861476
861480 861477
861480 861478
861480 861479
870030 215097
870030 471989
870030 645759
870030 655127
870030 743774
870030 754114
870030 758939
870030 789250
908030 43145
908030 44104
908030 62384
908030 91322
908030 300303
908030 310909
908030 322305
908030 325418
908030 341849
908030 355441
908030 445488
908030 737085
908030 855867
908030 908028
908030 908029
911320 71271
911320 75374
911320 76255
911320 91735
911320 507227
911320 509385
911320 704516
911320 708500
911320 709126
911320 911316
911320 911317
911320 911318
911320 911319
918220 91320
918220 338544
918220 449787
918220 565199
918220 848724
918220 918217
918220 918218
918220 918219
919940 216390
919940 404269
919940 861472
1011270 1011267
1011270 1011268
1011270 1011269
1028290 325418
1028290 381033
1028290 493321
1028290 581976
1028290 592130
1028290 711203
1028290 789245
1028290 854013
1028290 856733
1028290 928151
1028290 1028287
1028290 1028288
1028290 1028289
1034870 1034869
1050430 48640
1050430 54421
1050430 91320
1050430 202739
1050430 226364
1050430 502507
1050430 507227
1050430 613132
1050430 631580
1050430 1050426
1050430 1050427
1050430 1050428
1050430 1050429
1079710 282660
1079710 338544
1079710 418113
1079710 471963
1079710 510663
1079710 607503
1079710 711203
1079710 1042266
1079710 1045313
1079710 1079709
1095500 1095496
1099610 117616
1099610 230474
1099610 278391
1099610 282660
1099610 306380
1099610 471963
1099610 577182
1099610 807529
1099610 856733
1099610 990089
1099610 1023199
1099610 1099609
1100500 143381
1100500 230760
1100500 449787
1100500 565199
1100500 786446
1100500 810853
1100500 848352
1100500 918220
1100500 1046239
1107590 641406
1107590 684200
1122840 1122838
1129570 1520
1129570 80706
1129570 230760
1129570 233554
1129570 305207
1129570 311418
1129570 622811
1129570 813142
1129570 916946
1129570 975852
1129570 1085273
1129570 1129569
1151310 230759
1163950 1163948
1163950 1163949
1189620 22535
1189620 504748
1189620 551222
1189620 867322
1189620 1055335
1189620 1170952
1189620 1189616
1189620 1189617
1189620 1189618
1189620 1189619
1190350 129820
1190350 199673
1190350 201320
1190350 512670
1190350 799406
1190350 944964
1190350 1048113
1190350 1117931
1190350 1190347
1190350 1190348
1190350 1190349
1211610 1211607
1220760 341847
1234130 6791
1234130 212078
1234130 231747
1234130 234665
1234130 375706
1234130 404269
1234130 433381
1234130 479519
1234130 613132
1234130 708500
1234130 763276
1234130 987029
1234130 998098
1234130 1090096
1234130 1178367
1234130 1234122
1234130 1234123
1234130 1234125
1234130 1234126
1234130 1234127
1234130 1234128
1234130 1234129
1244820 1244817
1253600 806106
1253600 1253598
1253600 1253599
1261090 254712
1261090 325418
1261090 381033
1261090 493321
1261090 581976
1261090 592130
1261090 609874
1261090 711203
1261090 725914
1261090 773706
1261090 778702
1261090 854013
1261090 865881
1261090 918220
1261090 928151
1261090 1028290
1261090 1163949
1261090 1178412
1261090 1249975
1261090 1253599
1285650 656208
1285650 738863
1285650 893288
1285650 1013178
1285650 1285646
1285650 1285647
1285650 1285648
1285650 1285649
1307560 1307557
1312040 341847
1312040 725910
1337950 578694
1337950 1300887
1340840 37177
1340840 133036
1340840 151598
1340840 622811
1340840 648069
1340840 853106
1340840 1129113
1340840 1233875
1340840 1249975
1340840 1340838
1340840 1340839
1352230 9547
1352230 58714
1352230 320616
1352230 651448
1352230 1122463
1352230 1352225
1352230 1352226
1352230 1352227
1352230 1352228
1352230 1352229
1360880 124674
1360880 143373
1360880 261753
1360880 599522
1360880 725907
1360880 847599
1360880 848724
1360880 861975
1360880 897931
1360880 1095496
1360880 1184429
1360880 1211256
1360880 1244817
1389710 1389700
1389710 1389701
1389710 1389702
1389710 1389703
1389710 1389704
1389710 1389705
1389710 1389706
1389710 1389707
1389710 1389708
1389710 1389709
1398080 91320
1398080 149939
1398080 433381
1398080 449787
1398080 565199
1398080 834753
1398080 864991
1398080 918220
1398080 1046239
1398080 1063233
1398080 1073584
1398080 1398077
1398080 1398078
1398080 1398079
1417710 229093
1417710 267793
1417710 445527
1417710 525691
1417710 639790
1417710 1351328
1428130 641409
1443510 1081969
1443510 1182328
1443510 1205816
1443510 1207389
1443510 1296527
1443510 1324623
1443510 1361413
1443510 1392465
1443510 1394908
1443510 1395729
1443510 1396231
1443510 1414954
1443510 1421765
1443510 1430141
1443510 1430142
1444130 418168
1448440 76255
1448440 91322
1448440 91735
1448440 529185
1448440 539779
1448440 704516
1448440 708500
1448440 747697
1448440 847599
1448440 861468
1448440 911320
1448440 1285648
1448440 1337093
1448440 1398255
1448440 1405808
1448440 1448438
1448440 1448439
1448610 13694
1448610 1230773
1449510 905936
1449510 1182328
1449510 1207389
1449510 1285371
1449510 1287107
1449510 1324623
1449510 1392458
1449510 1395729
1449510 1396231
1449510 1414398
1449510 1414954
1449510 1420161
1449510 1421765
1449510 1422652
1449510 1423316
1449510 1443510
1496050 13694
1496050 1230773
1496050 1448610
1496050 1496047
1496050 1496048
1496050 1496049
1510480 765886
1510480 932157
1510480 1296243
1510480 1354286
1510720 1510715
1514220 905936
1514220 1207389
1514220 1298696
1514220 1309076
1514220 1365565
1514220 1372631
1514220 1394908
1514220 1401888
1514220 1412144
1514220 1414954
1514220 1425452
1514220 1438834
1514220 1443844
1514220 1449510
1514220 1453134
1514220 1473482
1514220 1479094
1514220 1480004
1521000 141653
1521000 245952
1521000 297951
1521000 382405
1521000 748987
1521000 908028
1521000 961711
1521000 1452593
1521000 1485414
1521000 1501479
1527330 84622
1527330 580831
1527330 634321
1527330 715699
1527330 1011268
1527330 1190756
1527330 1231149
1527330 1261883
1527330 1527326
1527330 1527327
1527330 1527328
1527330 1527329
1529130 1520
1529130 48640
1529130 80706
1529130 233554
1529130 311418
1529130 322305
1529130 427160
1529130 441105
1529130 622811
1529130 813142
1529130 848352
1529130 916946
1529130 975852
1529130 1085273
1529130 1129570
1529130 1190348
1529130 1389708
1529130 1496049
1529130 1529128
1529130 1529129
1543000 1467858
1543000 1537113
1543000 1539756
1546100 999530
1546100 1207389
1546100 1217513
1546100 1217806
1546100 1285371
1546100 1296527
1546100 1298696
1546100 1361413
1546100 1392465
1546100 1394908
1546100 1401888
1546100 1414398
1546100 1414954
1546100 1420131
1546100 1420718
1546100 1425452
1546100 1430141
1546100 1430142
1546100 1438834
1546100 1443510
1546100 1443844
1546100 1445672
1546100 1445684
1546100 1453134
1546100 1455573
1546100 1465977
1546100 1466029
1546100 1473482
1546100 1479094
1546100 1480654
1546100 1488471
1546100 1512878
1546100 1513021
1546100 1514220
1546100 1522771
1546100 1526781
1546100 1527327
1546100 1527469
1546100 1528259
1546100 1529598
1546100 1530187
1546100 1546093
1546100 1546094
1546100 1546095
1546100 1546096
1546100 1546097
1546100 1546098
1546100 1546099
1547760 916394
1547760 1084262
1547760 1350328
1547760 1467858
1547760 1511952
1547760 1537113
1547760 1539718
1547760 1539756
1547760 1539793
1547760 1543000
1547760 1547755
1547760 1547756
1547760 1547757
1547760 1547758
1547760 1547759
1550950 297382
1550950 433766
1550950 647953
1550950 649389
1550950 653222
1550950 749519
1550950 778702
1550950 786446
1550950 1035548
1550950 1425963
1550950 1550948
1550950 1550949
1552150 107167
1552150 124674
1552150 126089
1552150 216390
1552150 261753
1552150 306380
1552150 322305
1552150 427160
1552150 441105
1552150 725907
1552150 847599
1552150 848724
1552150 1095496
1552150 1190348
1552150 1360880
1552150 1496049
1552150 1529130
1552150 1552148
1552150 1552149
1561450 905936
1561450 1182328
1561450 1205816
1561450 1309076
1561450 1324623
1561450 1372631
1561450 1391579
1561450 1395729
1561450 1396231
1561450 1414954
1561450 1420161
1561450 1421765
1561450 1440589
1561450 1443510
1561450 1445672
1561450 1449510
1561450 1451838
1561450 1453134
1561450 1474478
1561450 1476385
1561450 1480654
1561450 1499308
1561450 1512878
1561450 1516619
1561450 1521794
1561450 1533282
1561450 1539519
1561450 1551877
1561450 1553354
1565210 999530
1565210 1135179
1565210 1217513
1565210 1217806
1565210 1263775
1565210 1285371
1565210 1298696
1565210 1372631
1565210 1376922
1565210 1392458
1565210 1414398
1565210 1420718
1565210 1423316
1565210 1443844
1565210 1445672
1565210 1455573
1565210 1473184
1565210 1478716
1565210 1479094
1565210 1480654
1565210 1512878
1565210 1513021
1565210 1526781
1565210 1527327
1565210 1528259
1565210 1529133
1565210 1529598
1565210 1545456
1565210 1546100
1565210 1565208
1565210 1565209
1575330 1467858
1575330 1537113
1575330 1539756
1575330 1543000
1575330 1547760
1575600 355448
1585200 48493
1585200 56660
1585200 91842
1585200 541513
1585200 1023762
1591260 1591259
1591750 905936
1591750 1182328
1591750 1205816
1591750 1298696
1591750 1309076
1591750 1324623
1591750 1372631
1591750 1391579
1591750 1414954
1591750 1420161
1591750 1421765
1591750 1440589
1591750 1443510
1591750 1445672
1591750 1451838
1591750 1453134
1591750 1474478
1591750 1476385
1591750 1478716
1591750 1480654
1591750 1499308
1591750 1512878
1591750 1514220
1591750 1521794
1591750 1522771
1591750 1533282
1591750 1551877
1591750 1553354
1591750 1561450
1591750 1589854
1593590 905936
1593590 1182328
1593590 1207389
1593590 1217513
1593590 1263775
1593590 1287107
1593590 1309076
1593590 1324623
1593590 1365565
1593590 1372631
1593590 1391579
1593590 1394908
1593590 1395729
1593590 1396231
1593590 1420161
1593590 1420718
1593590 1421765
1593590 1430141
1593590 1440589
1593590 1440965
1593590 1445672
1593590 1451838
1593590 1453134
1593590 1474478
1593590 1478716
1593590 1512878
1593590 1514220
1593590 1522771
1593590 1527469
1593590 1553354
1593590 1561450
1593590 1579245
1593590 1589854
1593590 1591750
1604380 905936
1604380 1182328
1604380 1309076
1604380 1391579
1604380 1420161
1604380 1421765
1604380 1440589
1604380 1443510
1604380 1445672
1604380 1451838
1604380 1474478
1604380 1476385
1604380 1479094
1604380 1512878
1604380 1516619
1604380 1561450
1604380 1591750
1604380 1593590
1604380 1594052
1604380 1597051
1607980 1081969
1607980 1207389
1607980 1257091
1607980 1287107
1607980 1296527
1607980 1365565
1607980 1392465
1607980 1394908
1607980 1412144
1607980 1414954
1607980 1430141
1607980 1430142
1607980 1434043
1607980 1440965
1607980 1443510
1607980 1443844
1607980 1451838
1607980 1453134
1607980 1468995
1607980 1488471
1607980 1527327
1607980 1527469
1607980 1538393
1607980 1546100
1607980 1553354
1607980 1573109
1607980 1579245
1607980 1580183
1607980 1607976
1607980 1607977
1607980 1607978
1607980 1607979
1618460 999530
1618460 1081969
1618460 1207389
1618460 1217806
1618460 1257091
1618460 1263775
1618460 1285371
1618460 1287107
1618460 1296527
1618460 1298696
1618460 1365565
1618460 1376922
1618460 1392465
1618460 1394908
1618460 1396231
1618460 1412144
1618460 1422652
1618460 1423316
1618460 1430141
1618460 1430142
1618460 1434043
1618460 1440965
1618460 1443510
1618460 1443844
1618460 1453134
1618460 1455573
1618460 1466084
1618460 1468995
1618460 1472321
1618460 1473184
1618460 1480004
1618460 1488471
1618460 1499308
1618460 1512878
1618460 1526781
1618460 1527327
1618460 1527469
1618460 1528259
1618460 1529598
1618460 1538393
1618460 1545456
1618460 1553354
1618460 1565210
1618460 1573109
1618460 1579245
1618460 1580183
1618460 1588755
1618460 1590414
1618460 1607980
1618460 1610421
1618460 1611007
1618460 1611812
1618460 1615838
1619930 216389
1619930 341848
1629830 905936
1629830 1182328
1629830 1205816
1629830 1263775
1629830 1309076
1629830 1324623
1629830 1391579
1629830 1392458
1629830 1394908
1629830 1395729
1629830 1396231
1629830 1414954
1629830 1420161
1629830 1420718
1629830 1421765
1629830 1423316
1629830 1440589
1629830 1443510
1629830 1445672
1629830 1449510
1629830 1451838
1629830 1466084
1629830 1472321
1629830 1474478
1629830 1476385
1629830 1478716
1629830 1480654
1629830 1499308
1629830 1512878
1629830 1516619
1629830 1521794
1629830 1533282
1629830 1539519
1629830 1551877
1629830 1561450
1629830 1573109
1629830 1580183
1629830 1588755
1629830 1589854
1629830 1591750
1629830 1593590
1629830 1594052
1629830 1597051
1629830 1604380
1629830 1609721
1629830 1618174
1629830 1620294
1641440 905936
1641440 999530
1641440 1182328
1641440 1205816
1641440 1207389
1641440 1217513
1641440 1217806
1641440 1263775
1641440 1285371
1641440 1287107
1641440 1298696
1641440 1309076
1641440 1324623
1641440 1365565
1641440 1376922
1641440 1391579
1641440 1394908
1641440 1395729
1641440 1396231
1641440 1414398
1641440 1414954
1641440 1420161
1641440 1420718
1641440 1421765
1641440 1423316
1641440 1430141
1641440 1440589
1641440 1440965
1641440 1443510
1641440 1443844
1641440 1445672
1641440 1449510
1641440 1451838
1641440 1453134
1641440 1455573
1641440 1473184
1641440 1474478
1641440 1476385
1641440 1478716
1641440 1480654
1641440 1512878
1641440 1513021
1641440 1516619
1641440 1521794
1641440 1526781
1641440 1527327
1641440 1528259
1641440 1529598
1641440 1533282
1641440 1539519
1641440 1545456
1641440 1546100
1641440 1551877
1641440 1553354
1641440 1561450
1641440 1565210
1641440 1579245
1641440 1589854
1641440 1590414
1641440 1591750
1641440 1593590
1641440 1594052
1641440 1597051
1641440 1604380
1641440 1605789
1641440 1609721
1641440 1610421
1641440 1611007
1641440 1614661
1641440 1615838
1641440 1618174
1641440 1618460
1641440 1620294
1641440 1629830
1641440 1630441
1641440 1640637
1642570 999530
1642570 1135179
1642570 1207389
1642570 1217806
1642570 1296527
1642570 1298696
1642570 1372631
1642570 1376922
1642570 1391579
1642570 1392458
1642570 1392465
1642570 1394908
1642570 1414954
1642570 1420131
1642570 1423316
1642570 1430141
1642570 1430142
1642570 1440589
1642570 1440965
1642570 1453134
1642570 1455573
1642570 1473184
1642570 1478716
1642570 1479094
1642570 1488471
1642570 1512878
1642570 1526781
1642570 1528259
1642570 1529133
1642570 1529598
1642570 1533282
1642570 1545456
1642570 1546100
1642570 1553354
1642570 1565210
1642570 1573109
1642570 1579245
1642570 1590414
1642570 1607980
1642570 1611007
1642570 1630441
1674400 641409
1679850 355447
1679850 827180
1682330 449787
1682330 918220
1682330 1046239
1682330 1614901
1716800 58599
1716800 71783
1716800 156983
1716800 303257
1716800 437191
1716800 447162
1716800 471491
1716800 484728
1716800 583360
1716800 653222
1716800 848352
1716800 963893
1716800 1042266
1716800 1076739
1716800 1100500
1716800 1161415
1716800 1364833
1716800 1370115
1716800 1398255
1716800 1716797
1716800 1716798
1716800 1716799
1719320 257444
1719320 310909
1719320 418113
1719320 578694
1719320 709126
1719320 865592
1719320 891302
1719320 1034869
1719320 1211256
1719320 1307557
1719320 1503273
1719320 1510715
1719320 1678566
1719320 1688558
1719320 1719318
1719320 1719319
1726900 1213170
1726900 1280184
1726900 1281393
1726900 1514137
1726900 1726893
1726900 1726894
1726900 1726895
1726900 1726896
1726900 1726897
1726900 1726898
1726900 1726899
1733460 1733459
1741830 10612
1741830 271056
1741830 502209
1741830 1100654
1741830 1218268
1741830 1356168
1749470 91735
1749470 143381
1749470 427160
1749470 725417
1749470 728118
1749470 861975
1749470 1073584
1749470 1081591
1749470 1122838
1749470 1242152
1749470 1244817
1749470 1253099
1749470 1307557
1749470 1749465
1749470 1749466
1749470 1749467
1749470 1749468
1749470 1749469
1757320 91320
1757320 338544
1757320 449787
1757320 565199
1757320 848481
1757320 848724
1757320 918220
1757320 1046239
1757320 1063233
1757320 1063664
1757320 1100500
1757320 1122838
1757320 1259976
1757320 1398080
1757320 1582537
1757320 1614901
1757320 1682330
1757320 1757316
1757320 1757317
1757320 1757318
1757320 1757319
1759280 159347
1759280 457314
1759280 591073
1759280 696688
1759280 901607
1759280 1024012
1759280 1251206
1759280 1295462
1759280 1595807
1759280 1604705
1759280 1717865
1759280 1756511
1759280 1759277
1759280 1759278
1759280 1759279
1771330 80704
1771330 143115
1771330 149559
1771330 190506
1771330 203345
1771330 591608
1771330 601957
1771330 706624
1771330 849882
1771330 1210887
1771330 1263866
1771330 1466999
1771330 1526647
1771330 1771328
1771330 1771329
1774240 355448
1789270 76255
1789270 91320
1789270 91322
1789270 290806
1789270 529185
1789270 539779
1789270 632197
1789270 703622
1789270 747697
1789270 847599
1789270 861468
1789270 1285648
1789270 1402605
1789270 1405808
1789270 1448440
1789270 1759278
1789380 10612
1789380 62611
1789380 66590
1789380 271056
1789380 297739
1789380 335096
1789380 410137
1789380 424879
1789380 433102
1789380 502209
1789380 539739
1789380 1100654
1789380 1176888
1789380 1218268
1789380 1356168
1789380 1486758
1789380 1741830
1789380 1789374
1789380 1789375
1789380 1789376
1789380 1789377
1789380 1789378
1789380 1789379
1790920 57612
1790920 341848
1790920 509612
1790920 665776
1790920 743351
1790920 844164
1790920 856323
1790920 871947
1790920 945426
1790920 1126833
1790920 1235508
1790920 1522057
1790920 1639823
1790920 1790916
1790920 1790917
1795960 1552149
1803330 159304
1803330 208819
1803330 216390
1803330 479519
1803330 678650
1803330 807529
1803330 1349565
1841530 22535
1841530 228091
1841530 453835
1841530 504748
1841530 660005
1841530 867322
1841530 870543
1841530 1055335
1841530 1170952
1841530 1189620
1841530 1211607
1841530 1340827
1841530 1841529
1841540 1520
1841540 37177
1841540 80706
1841540 233554
1841540 311418
1841540 622811
1841540 649389
1841540 813142
1841540 848352
1841540 916946
1841540 975852
1841540 1085273
1841540 1129570
1841540 1389708
1841540 1398851
1841540 1474394
1841540 1529130
1841540 1547758
1841540 1688558
1841540 1733459
1841540 1841529
1841540 1841530
1841540 1841531
1841540 1841532
1841540 1841533
1841540 1841534
1841540 1841535
1841540 1841536
1841540 1841537
1841540 1841538
1841540 1841539
1847540 69646
1847540 91320
1847540 107167
1847540 172216
1847540 202739
1847540 226364
1847540 409455
1847540 612882
1847540 613132
1847540 631580
1847540 1050430
1847540 1085273
1847540 1097508
1847540 1241929
1847540 1349565
1847540 1439163
1847540 1460193
1847540 1847537
1847540 1847538
1847540 1847539
1861020 151598
1861020 589782
1861020 752027
1861020 1028633
1861020 1222956
1861020 1457315
1861020 1541198
1861020 1582537
1861020 1861016
1861020 1861018
1861020 1861019
1893040 110904
1893040 355440
1914070 48493
1914070 56660
1914070 87830
1914070 91842
1914070 167113
1914070 369688
1914070 444772
1914070 459662
1914070 540837
1914070 541513
1914070 552059
1914070 644734
1914070 836343
1914070 1016683
1914070 1023762
1914070 1083079
1914070 1396682
1914070 1529128
1914070 1585200
1914070 1767162
1914070 1781477
1914810 652564
1914810 1451641
1914810 1529136
1914810 1532926
1914810 1540145
1914810 1644534
1914810 1799338
1914810 1841529
1914810 1914808
1914810 1914809
1927930 75374
1927930 479519
1927930 507227
1927930 509385
1927930 536972
1927930 911320
1927930 955896
1927930 1501971
1927930 1731108
1927930 1775189
1980240 641409
1999750 347834
1999750 456733
1999750 531130
1999750 574486
1999750 655078
1999750 934796
1999750 1260918
1999750 1321431
1999750 1431882
1999750 1611506
1999750 1704454
2000270 226585
2000270 565199
2000270 605266
2000270 1045313
2004340 13694
2004340 1230773
2004340 1448610
2004340 1496050
2077950 149939
2077950 257444
2077950 310909
2077950 418113
2077950 433381
2077950 578694
2077950 864991
2077950 1034869
2077950 1211256
2077950 1307557
2077950 1398080
2077950 1503273
2077950 1557716
2077950 1680397
2077950 1719320
2077950 1916161
2077950 1997524
2077950 2025091
2077950 2069505
2077950 2077949
2096340 126089
2096340 143373
2096340 230760
2096340 231747
2096340 278395
2096340 450671
2096340 507227
2096340 599522
2096340 763276
2096340 1184429
2096340 1211256
2096340 1360880
2096340 1522893
2096340 1553488
2096340 1684711
2096340 1844224
2096340 1916161
2096340 2028823
2096340 2059621
2109860 1340813
2109860 1416688
2109860 1606774
2109860 1780648
2109860 1834919
2109860 1841537
2109860 1858311
2109860 1901024
2109860 1937677
2109860 1949828
2109860 2073493
2126090 641409
2126090 1674400
2127560 148536
2127560 1841533
2127560 1898503
2127560 1907503
2127560 2127555
2127560 2127556
2127560 2127557
2127560 2127558
2127560 2127559
2130320 231747
2130320 297382
2130320 599522
2130320 647953
2130320 649389
2130320 763276
2130320 778702
2130320 1184429
2130320 1211256
2130320 1425963
2130320 1550950
2130320 1553488
2130320 1557716
2130320 1582881
2130320 1591259
2130320 1607975
2130320 1650121
2130320 1844224
2130320 1916161
2130320 2059621
2130320 2096340
2130320 2130319
2141550 62611
2141550 335096
2141550 410137
2141550 424879
2141550 539739
2141550 1100654
2141550 1176888
2141550 1789380
2152770 418113
2152770 578694
2152770 891302
2152770 1034869
2152770 1510715
2152770 1719320
2152770 2025091
2152770 2069505
2152770 2077950
2170260 1711860
2170260 2170259
2178420 37177
2178420 344367
2178420 390711
2178420 622811
2178420 648069
2178420 854013
2178420 1163392
2178420 1233875
2178420 1340840
2178420 1362176
2178420 1541198
2178420 1604539
2178420 1657283
2178420 1662541
2178420 1939664
2178420 2138978
2213990 457314
2213990 591073
2213990 696688
2213990 1251206
2213990 1295462
2213990 1595807
2213990 1604705
2213990 1756511
2213990 1759280
2220400 75374
2220400 509385
2220400 510663
2220400 1325993
2220400 1501971
2220400 1535864
2220400 1538094
2220400 1927930
2220400 2220392
2220400 2220393
2220400 2220394
2220400 2220395
2220400 2220396
2220400 2220397
2220400 2220398
2220400 2220399
2225710 2225708
2225710 2225709
2276550 347834
2276550 456733
2276550 507980
2276550 517955
2276550 531130
2276550 574486
2276550 642334
2276550 655078
2276550 765886
2276550 932157
2276550 934796
2276550 1260918
2276550 1296243
2276550 1321431
2276550 1354286
2276550 1431882
2276550 1510480
2276550 1611506
2276550 1650777
2276550 1704454
2276550 1819547
2276550 1852936
2276550 1989801
2276550 1999750
2276550 2028418
2276550 2038305
2276550 2084986
2276550 2184213
2276550 2249457
2276550 2276544
2276550 2276545
2276550 2276546
2276550 2276547
2276550 2276548
2276550 2276549
2288050 1846422
2288050 1945358
2288050 2058615
2288050 2076235
2288050 2149522
2288050 2173215
2288050 2249646
2288050 2288046
2288050 2288047
2288050 2288048
2288050 2288049
2299320 641409
2299320 2126090
2316370 62611
2316370 335096
2316370 410137
2316370 424879
2316370 539739
2316370 1100654
2316370 1176888
2316370 1789380
2316370 2141550
2319010 57612
2319010 341848
2319010 509612
2319010 665776
2319010 743351
2319010 844164
2319010 856323
2319010 871947
2319010 1522057
2319010 1639823
2319010 1790920
2329810 257553
2329810 419400
2329810 1242635
2329810 1527329
2329810 1553263
2329810 1807579
2329810 2329805
2329810 2329806
2329810 2329807
2329810 2329808
2329810 2329809
2355000 43145
2355000 71271
2355000 77987
2355000 156983
2355000 225481
2355000 311418
2355000 756342
2355000 817916
2355000 891302
2355000 1036875
2355000 1474394
2355000 1487326
2355000 1501971
2355000 1504224
2355000 1547758
2355000 1726894
2355000 1789374
2355000 2170259
2355000 2225709
2355000 2276548
2355000 2288047
2355000 2331343
2359590 83590
2359590 229093
2359590 267793
2359590 305837
2359590 380301
2359590 445527
2359590 525691
2359590 528039
2359590 604907
2359590 639790
2359590 651449
2359590 860921
2359590 1141939
2359590 1351328
2359590 1417710
2359590 1455751
2359590 1510886
2359590 1713844
2359590 1822504
2359590 1871883
2359590 2185338
2359590 2359587
2359590 2359588
2359590 2359589
2365780 2365778
2377600 20993
2377600 320929
2377600 381033
2377600 493321
2377600 592130
2377600 843066
2377600 854013
2377600 1028290
2377600 1249975
2377600 1261090
2377600 1293671
2377600 1390165
2377600 1698768
2377600 1791494
2377600 1938259
2377600 2193453
2377600 2365778
2377600 2377599
2383520 0
2383520 43145
2383520 44104
2383520 62384
2383520 80706
2383520 91322
2383520 300303
2383520 310909
2383520 325418
2383520 341849
2383520 355441
2383520 445488
2383520 609874
2383520 641407
2383520 737085
2383520 855867
2383520 908030
2383520 928151
2383520 1021711
2383520 1527328
2383520 1568468
2383520 1683273
2383520 1780628
2383520 2331343
2383520 2371912
2383520 2383519
2411960 375706
2411960 908030
2411960 1081591
2411960 1178412
2411960 1300887
2411960 1325993
2411960 1535864
2411960 1538094
2411960 1591259
2411960 1807655
2411960 1811556
2411960 2059098
2411960 2153711
2411960 2220400
2411960 2395282
2411960 2411957
2411960 2411958
2411960 2411959
2472010 418168
2472010 1444130
2472010 1500478
2472010 1532927
2472010 1561644
2472010 1618204
2472010 1758928
2472010 1841529
2472010 1937674
2472010 1999776
2472010 2001696
2472010 2016848
2472010 2084772
2472010 2096343
2472010 2169912
2472010 2237888
2472010 2281555
2472010 2347468
2472010 2370803
2472010 2472009
2493470 1331511
2493470 1693904
2493470 1841539
2493470 1861018
2493470 1866088
2493470 1868549
2493470 1993777
2493470 2098642
2493470 2232787
2493470 2239696
2493470 2273127
2493470 2308375
2493470 2308542
2493470 2335969
2493470 2462049
2493470 2466671