1 956600
1 600890
1 700310
956600 840832
956600 628867
956600 477456
956600 617106
956600 856323
956600 268061
956600 523552
956600 871979
956600 956595
956600 956596
956600 956597
956600 956598
956600 956599
956600 886707
956600 810303
956600 388049
956600 1878
956600 421597
956600 894397
956600 644723
956600 99199
600890 404107
600890 462488
600890 273689
600890 332060
600890 406558
600890 600883
600890 600884
600890 600885
600890 600886
600890 600887
600890 600888
600890 600889
600890 326223
600890 510673
600890 427858
600890 207317
600890 381277
600890 588003
600890 309492
600890 532730
600890 319099
600890 482173
700310 486722
700310 615081
700310 224592
700310 661520
700310 227925
700310 469168
700310 629456
840832 986490
628867 697810
617106 867800
617106 958410
617106 617110
268061 475590
871979 871980
886707 886710
886707 896630
388049 865400
388049 388050
388049 701110
388049 860350
1878 1880
421597 421600
421597 818410
894397 894400
644723 915970
99199 99200
404107 669530
462488 462490
273689 987880
273689 273690
332060 678210
332060 332059
332060 43110
332060 332058
332060 39261
332060 332057
332060 332056
406558 406560
600887 801260
427858 847920
427858 427860
381277 381280
381277 793810
309492 526750
309492 555850
532730 524155
532730 175206
532730 532727
532730 65653
532730 399999
532730 112977
532730 532725
532730 532726
532730 359735
532730 532728
532730 532729
532730 410581
319099 366200
319099 319100
486722 960970
486722 593380
661520 355248
661520 28805
661520 49930
661520 103148
661520 661517
661520 661516
661520 661519
661520 274935
661520 661518
661520 772790
469168 469170
986490 914056
986490 205325
986490 362898
986490 758036
986490 962585
986490 66588
986490 184478
986490 986489
986490 793385
986490 863406
986490 757172
986490 376758
986490 285501
986490 415831
986490 825051
986490 545769
986490 70520
986490 347641
697810 507619
697810 389829
697810 789830
697810 10215
697810 142620
697810 602986
697810 99949
697810 404174
697810 697809
697810 311442
697810 119004
697810 407219
697810 64246
697810 580566
697810 412890
697810 241275
697810 443452
697810 726670
697810 556959
867800 48672
867800 123040
867800 377987
867800 74312
867800 826263
867800 597869
867800 561777
867800 168146
867800 583093
867800 867799
867800 415512
867800 411129
867800 372823
867800 181984
958410 698632
958410 996760
958410 470556
958410 763302
958410 866215
958410 125483
958410 766000
958410 958403
958410 958404
958410 958405
958410 958406
958410 958407
958410 958408
958410 958409
958410 578634
958410 678095
958410 277073
958410 947282
958410 552404
958410 340081
617110 444770
617110 583268
617110 567049
617110 617104
617110 617105
617110 617107
617110 617108
617110 617109
617110 511670
617110 484312
617110 591931
617110 276540
475590 13272
475590 302665
871980 150912
871980 871974
871980 871975
871980 871976
871980 871977
871980 871978
871980 234763
886710 886702
886710 886703
886710 886704
886710 886705
886710 886706
886710 886708
886710 886709
896630 228289
896630 61154
896630 275303
896630 273569
896630 330279
896630 257485
896630 354223
896630 38608
896630 896626
896630 896627
896630 896628
896630 896629
896630 127730
896630 801854
896630 624157
896630 780775
865400 165540
865400 595089
865400 812269
865400 21617
865400 722162
865400 713395
865400 343701
865400 22775
865400 292217
865400 656379
865400 571196
701110 530789
701110 470524
701110 490416
701110 279858
701110 505783
701110 304700
701110 514783
860350 831436
860350 860347
860350 860348
860350 860349
1880 1877
1880 1879
421600 160960
421600 172011
421600 409401
421600 421598
421600 421599
818410 818209
818410 393219
818410 433029
818410 818407
818410 285000
818410 818409
818410 747184
818410 818408
818410 322642
818410 335123
818410 150612
818410 642773
818410 123604
818410 409020
818410 3358
894400 114722
894400 686533
894400 196524
894400 487375
894400 831058
894400 894394
894400 153590
894400 142327
894400 611450
894400 894395
894400 894396
894400 894398
894400 894399
915970 915968
915970 13697
915970 915969
915970 280072
915970 517385
915970 283789
915970 296083
915970 135321
915970 775837
915970 66597
915970 367453
915970 704816
915970 256499
915970 2106
915970 918460
915970 784832
915970 58181
915970 345101
915970 908496
915970 4178
915970 347221
915970 627421
915970 766181
915970 149219
915970 364645
915970 895338
915970 434670
915970 365424
915970 461813
915970 106489
915970 776955
915970 915967
99200 780910
99200 99195
99200 99196
99200 99197
99200 99198
669530 632478
669530 537282
669530 669526
669530 399922
669530 481234
669530 478451
669530 10228
669530 489525
669530 382454
669530 669527
669530 669528
669530 669529
669530 336658
669530 638463
669530 669525
669530 194845
669530 372626
669530 39711
462490 462483
462490 462484
462490 462485
462490 462486
462490 462487
462490 462489
987880 300800
987880 595074
987880 980615
987880 256906
987880 639883
987880 57744
987880 987878
987880 501907
987880 607004
987880 747298
987880 342696
987880 407083
987880 315312
987880 707773
987880 247491
987880 136530
987880 499419
987880 987875
987880 987876
987880 987877
987880 540006
987880 580327
987880 270824
987880 987879
987880 150006
987880 801543
273690 273688
678210 464448
678210 274497
678210 614114
678210 625284
678210 169157
678210 678209
678210 595400
678210 468892
678210 196492
678210 506162
678210 13329
678210 754
678210 114870
678210 240888
678210 135866
678210 428603
678210 489893
43110 21089
43110 43106
43110 43107
43110 43108
43110 43109
43110 43105
39261 444150
332056 418530
332056 413160
332056 410320
332056 460530
332056 464340
332056 372310
332056 378170
332056 450010
332056 433950
406560 73184
406560 169159
406560 88296
406560 195017
406560 277930
406560 190767
406560 114736
406560 404937
406560 291673
406560 406559
406560 406556
406560 406557
406560 230590
406560 345503
801260 596993
801260 568930
801260 107939
801260 30123
801260 399916
801260 543600
801260 265297
801260 58805
801260 82832
801260 16893
847920 847915
847920 847910
847920 847911
847920 847912
847920 725676
847920 847914
847920 504555
847920 847916
847920 540338
847920 847918
847920 847919
847920 292084
847920 652494
847920 847913
847920 26396
847920 37850
847920 287068
847920 847917
847920 438485
427860 59340
427860 427854
427860 427855
427860 427856
427860 427857
427860 427859
381280 249024
381280 376260
381280 233797
381280 221064
381280 376809
381280 377805
381280 266418
381280 377493
381280 363708
381280 381278
381280 381279
793810 681668
793810 713549
793810 97806
793810 34605
793810 793809
793810 214266
793810 474932
793810 707764
793810 514906
793810 773181
526750 88544
526750 302401
526750 519937
526750 307598
526750 278896
526750 19953
526750 270518
526750 400536
526750 308351
555850 486912
555850 151173
555850 397972
555850 258214
555850 156333
555850 17199
555850 89159
555850 348492
555850 176983
555850 178011
555850 447210
555850 275988
555850 174459
175206 191450
175206 737780
65653 696970
399999 400000
112977 728740
112977 892020
532725 765120
359735 580320
359735 359740
532729 785110
410581 691190
410581 843470
366200 173954
366200 366195
366200 366193
366200 144234
366200 366189
366200 366190
366200 366191
366200 366192
366200 339761
366200 21618
366200 229715
366200 366196
366200 366197
366200 366198
366200 366199
366200 366194
366200 89647
366200 244399
366200 11039
319100 134913
319100 560580
319100 40849
319100 223605
319100 199319
319100 891070
960970 293281
960970 309179
960970 960968
960970 960969
960970 949695
960970 428716
960970 395117
960970 438926
960970 766288
960970 425489
960970 380115
960970 45173
960970 608762
960970 36123
960970 73532
960970 340062
960970 342943
593380 593376
593380 123041
593380 593379
593380 10789
593380 322977
593380 214219
593380 593378
593380 12335
593380 593377
593380 591412
593380 484793
593380 593375
355248 478600
355248 355250
28805 269240
28805 28810
49930 49925
49930 49926
49930 49927
49930 49928
49930 49929
49930 947280
103148 103160
103148 103150
772790 454018
772790 345927
772790 759304
772790 136753
772790 572852
772790 587094
772790 114329
772790 469017
772790 488541
469170 469163
469170 469164
469170 469165
469170 469166
469170 103599
469170 469169
469170 5686
469170 469167
914056 914060
205325 852490
205325 555170
362898 362900
66588 815770
184478 184480
793385 793390
863406 863410
376758 376760
415831 859910
545769 545770
70520 70516
70520 70517
70520 70518
70520 70519
347641 707100
507619 507620
389829 389830
789830 50337
789830 789829
789830 616678
789830 504989
789830 310519
789830 364637
789830 723998
10215 10220
142620 129171
142620 142617
142620 142618
142620 142619
99949 892000
99949 502530
99949 336780
99949 99950
404174 781490
407219 407220
64246 428590
64246 474460
64246 984830
412890 288288
412890 153188
412890 344412
412890 152046
412890 232175
412890 87666
412890 339503
412890 200444
412890 245173
241275 480590
241275 827510
443452 443460
726670 726666
726670 726667
726670 726668
726670 726669
726670 299790
726670 177443
726670 587556
726670 184999
726670 687298
726670 489298
726670 337372
726670 279267
726670 576357
726670 94836
726670 251128
556959 556960
123040 529770
123040 123036
123040 123037
123040 123038
123040 123039
597869 897440
597869 597870
561777 975090
561777 972020
411129 411130
411129 747450
372823 455980
372823 592440
372823 477970
372823 632220
996760 903697
996760 996754
996760 996755
996760 996756
996760 996757
996760 996758
996760 996759
996760 544168
996760 76082
996760 16824
996760 991826
996760 984926
766000 635363
766000 546790
766000 468071
766000 765995
766000 765996
766000 570765
766000 765998
766000 765999
766000 146001
766000 489335
766000 17079
766000 661977
766000 130649
766000 765997
766000 298623
678095 925890
277073 277080
947282 947290
552404 902650
444770 444768
444770 444769
444770 444767
583268 583270
511670 511666
511670 511667
511670 511668
511670 511669
276540 276536
276540 276537
276540 276538
276540 276539
302665 302670
302665 381390
871975 887130
886703 961380
886705 996090
228289 228290
61154 651920
273569 795240
273569 273570
330279 330280
38608 38610
127730 127728
127730 127726
127730 127727
127730 127729
801854 974260
780775 780780
165540 623040
165540 626450
165540 64947
165540 877130
595089 595090
21617 21620
713395 833820
22775 22780
292217 292220
656379 656380
470524 812680
279858 279860
279858 279870
304700 207936
304700 304694
304700 110632
304700 113460
304700 304693
304700 304695
304700 304696
304700 304697
304700 150138
304700 304699
304700 304698
514783 549160
514783 949850
831436 831440
831436 965600
1877 115060
1877 118300
160960 160958
160960 160959
421598 955770
818209 818210
393219 582000
393219 393220
433029 433030
433029 561270
285000 27138
285000 171301
285000 284998
285000 199559
285000 126376
285000 14537
285000 284999
285000 22285
285000 118446
285000 6614
285000 995220
747184 747190
322642 991830
123604 307420
123604 575980
409020 81640
409020 380398
409020 409019
3358 3360
3358 16010
831058 831060
153590 153579
153590 153580
153590 153581
153590 153582
153590 153583
153590 153584
153590 153585
153590 153586
153590 153587
153590 153588
153590 153589
611450 474025
611450 416684
611450 857360
611450 460030
280072 833520
517385 517390
283789 283790
296083 378520
367453 475460
367453 939540
704816 704820
256499 397610
256499 256500
2106 420200
2106 2110
918460 779318
918460 918456
918460 918457
918460 918458
918460 918459
918460 493390
918460 114539
918460 216940
918460 512375
918460 395898
4178 346590
4178 403070
766181 811270
149219 149220
149219 238410
895338 895340
434670 119220
434670 434669
434670 607380
434670 212724
434670 80859
434670 221183
106489 106490
780910 256346
780910 780907
780910 780908
780910 780909
632478 632480
632478 838720
399922 835190
478451 818490
489525 731230
336658 336660
462483 593460
462483 611670
300800 220930
300800 264067
300800 300796
300800 17803
300800 152494
300800 756500
300800 627030
300800 83644
300800 300797
300800 300798
300800 300799
256906 694880
256906 256910
501907 591810
501907 501910
607004 809610
747298 747300
136530 136528
136530 136529
136530 136521
136530 136522
136530 136523
136530 136524
136530 136525
136530 136526
136530 136527
136530 17520
136530 34357
499419 499420
499419 960860
540006 540010
273688 573900
273688 551210
464448 464450
464448 793130
274497 627350
625284 826150
169157 169160
595400 595398
595400 595399
595400 426514
595400 78470
595400 482070
595400 500289
595400 46008
468892 984440
468892 616250
468892 469940
196492 575670
13329 402320
13329 13330
754 279440
754 340480
754 493220
754 535640
114870 338380
114870 114860
114870 114861
114870 114862
114870 114863
114870 114864
114870 114865
114870 114866
114870 114867
114870 114868
114870 114869
135866 146810
428603 925220
43106 90300
43108 188380
43109 690760
444150 288896
444150 84097
444150 34981
444150 416673
444150 419657
444150 353099
444150 385533
444150 327641
444150 307514
444150 147644
418530 299267
418530 309254
418530 51983
418530 307859
418530 377109
418530 414877
418530 334119
418530 385076
418530 314293
418530 330591
418530 174912
418530 315587
418530 399941
418530 453830
418530 417351
418530 306762
418530 224588
418530 376534
418530 386974
418530 276063
418530 285147
418530 338652
418530 318047
418530 418528
418530 418529
418530 376963
418530 347111
418530 369384
418530 308074
418530 358567
418530 292984
418530 410621
418530 361983
413160 408351
413160 287936
413160 412884
413160 360537
413160 413158
413160 413159
410320 377494
410320 339378
410320 314928
410320 326104
410320 282971
410320 283260
410320 395578
410320 384741
460530 425602
460530 452743
460530 414345
460530 143242
460530 299788
460530 437506
460530 302609
460530 427566
460530 439487
460530 316056
460530 436897